function [A, b, lb] = contraintes()

A = [18  5  0  5  0 10
     17  2 12 15  7 12
      8  1 11  0 10 25
      2 10  5  4 13  7
     15  0  8  7 10 15
      5  5  3 12  8  6
     13  3  5  8 10  7
      1  2  1  2  0  4 
      2  1  1  5  2  1
      1  1  3  2  2  0];

b = [4800 4800 4800 4800 4800 4800 4800 350 820 485];
   
lb = [0 0 0 0 0 0];

end